-3.654930368065834045e-02
-2.924212999641895294e-02
3.227880597114562988e-02
-8.429193496704101562e-02
-8.148585259914398193e-02
-3.186002746224403381e-02
-1.059583351016044617e-01
-8.671235293149948120e-02
1.534055173397064209e-01
-2.482854872941970825e-01
1.740632057189941406e-01
-8.089123666286468506e-02
-1.312218457460403442e-01
5.455321073532104492e-02
-6.588666141033172607e-02
2.017034292221069336e-01
-1.307146847248077393e-01
-1.854253858327865601e-01
-7.370957732200622559e-02
-3.500507771968841553e-02
6.447273492813110352e-02
4.372110590338706970e-02
-4.983112215995788574e-02
9.576730430126190186e-02
-7.616545259952545166e-02
-2.810171246528625488e-01
-1.434640735387802124e-01
-1.784095168113708496e-02
-2.038041129708290100e-02
-1.327578276395797729e-01
-7.937186956405639648e-02
9.590429812669754028e-02
-1.845034509897232056e-01
4.781669378280639648e-02
2.923456951975822449e-02
1.605693697929382324e-01
7.689677178859710693e-02
-9.760385751724243164e-02
1.129986867308616638e-01
9.302575141191482544e-02
-2.759127318859100342e-01
7.015482336282730103e-02
8.180224150419235229e-02
1.958085298538208008e-01
1.047762855887413025e-01
1.783416606485843658e-03
-7.324136793613433838e-02
-1.643573492765426636e-01
1.379662752151489258e-01
-1.807672381401062012e-01
8.469299972057342529e-02
1.227323189377784729e-01
6.879750639200210571e-02
1.019112169742584229e-01
4.866021126508712769e-02
-1.097713038325309753e-01
9.130397439002990723e-02
1.245965585112571716e-01
-1.613650768995285034e-01
1.781461760401725769e-02
5.806077271699905396e-02
-5.711648985743522644e-02
3.827283531427383423e-02
-1.112625896930694580e-01
1.528255492448806763e-01
1.772475838661193848e-01
-3.590593859553337097e-02
-2.545714974403381348e-01
1.130141168832778931e-01
-1.770492345094680786e-01
-1.368007510900497437e-01
1.114381253719329834e-01
-1.088522225618362427e-01
-1.538229435682296753e-01
-2.502800822257995605e-01
-1.435922272503376007e-02
3.612592518329620361e-01
1.495962589979171753e-01
-1.616147011518478394e-01
1.201853007078170776e-01
9.713707491755485535e-03
-1.334064006805419922e-01
1.082534492015838623e-01
1.585691869258880615e-01
2.502619661390781403e-02
7.804869115352630615e-02
-5.023953691124916077e-02
5.021372437477111816e-02
2.951416075229644775e-01
8.115278556942939758e-03
3.522124839946627617e-03
1.926815062761306763e-01
-4.981695488095283508e-02
7.356578856706619263e-02
2.674909308552742004e-02
1.704323850572109222e-02
-8.604857325553894043e-02
2.503834292292594910e-02
-1.684979945421218872e-01
-7.416313886642456055e-02
-8.872964978218078613e-02
2.127866819500923157e-02
-1.051920428872108459e-01
7.179085165262222290e-02
-1.668017804622650146e-01
1.373988837003707886e-01
-2.449391782283782959e-02
-8.279878646135330200e-02
-6.011974811553955078e-02
5.559387803077697754e-02
-6.292165070772171021e-02
-1.156658958643674850e-02
1.102865487337112427e-01
-2.314914166927337646e-01
1.597663313150405884e-01
1.396367847919464111e-01
1.365750879049301147e-01
8.897463977336883545e-02
7.271623611450195312e-02
9.918101876974105835e-02
9.861399419605731964e-03
-9.307524561882019043e-02
-2.357430160045623779e-01
-7.852338254451751709e-03
1.039266139268875122e-01
-4.319808632135391235e-02
2.493957616388797760e-02
2.149914577603340149e-02
