-8.488297462463378906e-02
1.262500975281000137e-02
6.724663078784942627e-02
-1.175571829080581665e-01
-1.663132756948471069e-01
-4.486791789531707764e-02
-1.108721196651458740e-01
-1.298592090606689453e-01
1.199711933732032776e-01
-1.887302398681640625e-01
1.141592040657997131e-01
-1.157338693737983704e-01
-1.189098432660102844e-01
-4.869598895311355591e-02
-7.076226919889450073e-02
2.072511613368988037e-01
-1.546338200569152832e-01
-1.901899278163909912e-01
-2.308244816958904266e-02
-3.651290386915206909e-02
6.164431571960449219e-02
3.608813136816024780e-02
1.937551423907279968e-02
5.569443851709365845e-02
-1.294217705726623535e-01
-3.561449050903320312e-01
-7.996486127376556396e-02
-2.165391668677330017e-02
1.302173081785440445e-02
-6.328091770410537720e-02
-3.639333322644233704e-02
1.008603051304817200e-01
-2.113270014524459839e-01
7.638793438673019409e-03
3.130778670310974121e-02
1.390269249677658081e-01
2.239760383963584900e-02
-7.046355307102203369e-02
1.328597217798233032e-01
-1.276712678372859955e-02
-2.967164516448974609e-01
-6.477171089500188828e-03
8.888851106166839600e-02
2.074552327394485474e-01
1.715281903743743896e-01
1.000847946852445602e-02
1.068096794188022614e-02
-1.073677763342857361e-01
1.132979989051818848e-01
-1.083669215440750122e-01
3.281506523489952087e-02
1.098191663622856140e-01
4.316192865371704102e-02
4.482197389006614685e-02
6.508803460747003555e-03
-1.132717952132225037e-01
5.911498889327049255e-02
1.094577461481094360e-01
-8.811070770025253296e-02
1.462087407708168030e-02
1.199379563331604004e-01
-9.411648660898208618e-02
1.428798772394657135e-03
-1.120792329311370850e-01
2.029255330562591553e-01
3.443346545100212097e-02
-6.784903258085250854e-02
-2.159872949123382568e-01
1.247544139623641968e-01
-1.586955934762954712e-01
-7.997342944145202637e-02
3.360339999198913574e-02
-1.434011161327362061e-01
-1.229608356952667236e-01
-2.934891879558563232e-01
-5.696749687194824219e-02
2.955621778964996338e-01
1.315261423587799072e-01
-1.663365960121154785e-01
7.653100788593292236e-02
3.947805240750312805e-02
2.335975505411624908e-02
1.075119897723197937e-01
1.882751882076263428e-01
-1.809023693203926086e-02
1.180209517478942871e-01
-4.160321503877639771e-02
4.096378386020660400e-02
2.264245450496673584e-01
-3.964958339929580688e-02
-9.891676716506481171e-03
2.041492462158203125e-01
-1.276215352118015289e-02
6.189232319593429565e-02
1.485359109938144684e-02
-2.024753950536251068e-02
-7.990395277738571167e-02
7.601425796747207642e-02
-1.245019212365150452e-01
1.770287752151489258e-02
2.648692578077316284e-02
-1.234997250139713287e-02
2.015439048409461975e-02
1.358423978090286255e-01
-1.437150239944458008e-01
1.673394739627838135e-01
-5.266187340021133423e-02
5.015542358160018921e-02
-1.936587318778038025e-02
5.598529428243637085e-02
-7.756338268518447876e-02
-8.376751095056533813e-02
1.200503483414649963e-01
-1.509946286678314209e-01
1.425942778587341309e-01
2.031677961349487305e-01
1.090501397848129272e-01
1.190476417541503906e-01
1.413643658161163330e-01
1.014277637004852295e-01
1.955671049654483795e-02
1.918594539165496826e-02
-1.957765221595764160e-01
1.388805638998746872e-02
9.462461620569229126e-02
-9.734190255403518677e-02
9.467121958732604980e-02
6.843374669551849365e-02
