-1.239701583981513977e-01
4.795730859041213989e-02
6.767148524522781372e-02
-1.206878423690795898e-01
-1.328520476818084717e-01
-1.583873666822910309e-02
-1.216549649834632874e-01
-2.063589543104171753e-01
1.493354737758636475e-01
-2.317399978637695312e-01
1.868971735239028931e-01
-1.139243617653846741e-01
-1.221083030104637146e-01
9.637986309826374054e-03
-1.124353110790252686e-01
2.091359198093414307e-01
-1.572168171405792236e-01
-1.260104775428771973e-01
-6.651534885168075562e-02
-1.500127278268337250e-02
3.364200517535209656e-02
4.682969301939010620e-03
2.578821219503879547e-02
4.386871680617332458e-02
-7.437582314014434814e-02
-3.041524589061737061e-01
-1.430053710937500000e-01
-2.247021347284317017e-02
-6.615158170461654663e-02
-4.820835590362548828e-02
-1.765593327581882477e-02
8.599055558443069458e-02
-1.637533307075500488e-01
4.199132323265075684e-02
-1.105647068470716476e-02
9.504011273384094238e-02
7.161406334489583969e-03
-8.119404315948486328e-02
1.091998070478439331e-01
-3.030869364738464355e-02
-2.371346354484558105e-01
7.274332642555236816e-02
1.053105592727661133e-01
2.216810882091522217e-01
2.233054488897323608e-01
-3.129376471042633057e-02
-3.646048158407211304e-02
-1.367610841989517212e-01
1.375800520181655884e-01
-1.383526325225830078e-01
3.503366187214851379e-02
6.944993138313293457e-02
7.259502261877059937e-02
2.935586497187614441e-02
7.886151224374771118e-02
-7.585272938013076782e-02
6.575780361890792847e-02
1.599589735269546509e-01
-8.790200948715209961e-02
2.960072830319404602e-02
1.404837518930435181e-01
-8.218459784984588623e-02
-2.141587436199188232e-02
-1.164901852607727051e-01
2.153778523206710815e-01
1.843356788158416748e-01
-9.524061530828475952e-02
-2.387908846139907837e-01
1.029582023620605469e-01
-1.061583831906318665e-01
-7.793778926134109497e-02
3.658298403024673462e-02
-1.864278763532638550e-01
-1.613595336675643921e-01
-2.411897033452987671e-01
-8.249238133430480957e-03
3.336744308471679688e-01
1.279751211404800415e-01
-1.763155609369277954e-01
6.140639632940292358e-02
2.642865292727947235e-02
-3.066547214984893799e-03
9.476152807474136353e-02
1.637494862079620361e-01
-1.257195416837930679e-02
-1.463906932622194290e-02
-5.451168492436408997e-02
1.746948063373565674e-02
2.268290966749191284e-01
-3.712981566786766052e-02
-2.493869885802268982e-02
2.400771975517272949e-01
-5.670076608657836914e-02
-3.488295525312423706e-02
-2.465838193893432617e-02
-3.273101523518562317e-02
-1.119107082486152649e-01
7.400996237993240356e-02
-1.592979431152343750e-01
-3.025409951806068420e-02
-8.036828599870204926e-03
-9.949425235390663147e-03
-3.136957809329032898e-02
9.991374611854553223e-02
-1.477201282978057861e-01
1.553891748189926147e-01
-7.123722881078720093e-02
5.633564665913581848e-02
3.524268977344036102e-04
-1.912711374461650848e-02
-6.622074544429779053e-02
2.310608886182308197e-02
1.353494226932525635e-01
-1.764396131038665771e-01
1.571895927190780640e-01
9.331989288330078125e-02
1.264502555131912231e-01
9.975457936525344849e-02
1.229996457695960999e-01
1.063345596194267273e-01
2.810342982411384583e-02
6.213694810867309570e-02
-1.942867785692214966e-01
1.546423230320215225e-02
1.035765483975410461e-01
-7.735358178615570068e-02
8.735260367393493652e-02
4.963689669966697693e-02
