-4.022740572690963745e-02
6.896125525236129761e-02
6.950572133064270020e-02
-1.120777353644371033e-01
-7.846919447183609009e-02
-8.801004849374294281e-03
-1.328046470880508423e-01
-1.168527826666831970e-01
1.355415880680084229e-01
-1.714473366737365723e-01
1.870204210281372070e-01
-9.244389086961746216e-02
-2.099463790655136108e-01
-2.736834250390529633e-02
-4.777082428336143494e-02
2.482105195522308350e-01
-1.759010255336761475e-01
-1.943707168102264404e-01
-2.519955858588218689e-02
1.482662465423345566e-02
4.745080322027206421e-02
2.325968071818351746e-02
-3.645499050617218018e-02
3.533963114023208618e-02
-1.764108985662460327e-01
-3.423215150833129883e-01
-1.019305810332298279e-01
-4.216860979795455933e-02
-9.198427200317382812e-02
-4.792238771915435791e-02
-5.759011581540107727e-02
7.235672324895858765e-02
-1.727521568536758423e-01
2.517512813210487366e-02
3.569857776165008545e-02
1.043254956603050232e-01
2.973689325153827667e-02
-1.135708391666412354e-01
1.993480026721954346e-01
5.766142532229423523e-02
-3.155560195446014404e-01
8.453144133090972900e-02
7.791966199874877930e-02
2.343619167804718018e-01
1.346971839666366577e-01
-5.751733109354972839e-02
6.663646548986434937e-03
-1.366154700517654419e-01
1.081236600875854492e-01
-1.807801574468612671e-01
2.576618269085884094e-02
1.556013822555541992e-01
2.489051595330238342e-02
6.345272809267044067e-02
4.834591411054134369e-03
-1.047558486461639404e-01
6.587171554565429688e-02
1.355699896812438965e-01
-1.878449171781539917e-01
4.545605275779962540e-03
1.142877936363220215e-01
-9.761486947536468506e-02
-1.843617111444473267e-02
-1.128300279378890991e-01
2.034953236579895020e-01
1.509294509887695312e-01
-1.102893352508544922e-01
-2.376559376716613770e-01
8.892796933650970459e-02
-1.013338491320610046e-01
-1.130820065736770630e-01
4.554630070924758911e-02
-1.655148416757583618e-01
-1.816739588975906372e-01
-3.208605349063873291e-01
-4.219450056552886963e-03
3.151403069496154785e-01
1.393716037273406982e-01
-2.437452673912048340e-01
1.030741035938262939e-01
1.029946841299533844e-02
-3.158624842762947083e-02
1.607174873352050781e-01
1.885300576686859131e-01
4.480277746915817261e-02
8.800644427537918091e-02
-5.209782719612121582e-02
4.410097375512123108e-02
2.631086111068725586e-01
-2.897223830223083496e-02
-2.894071862101554871e-02
2.238221168518066406e-01
-2.737086080014705658e-02
6.914042681455612183e-02
2.501210197806358337e-02
3.454630076885223389e-02
-9.392978996038436890e-02
1.466644182801246643e-02
-1.774434894323348999e-01
-2.526381425559520721e-02
4.236327856779098511e-02
3.639081493020057678e-02
-1.772111095488071442e-02
1.441695392131805420e-01
-1.386332660913467407e-01
1.499107480049133301e-01
-5.511584226042032242e-03
-1.121754944324493408e-02
-6.636461708694696426e-03
4.053498804569244385e-02
-5.721255391836166382e-02
-4.527833312749862671e-02
1.354460865259170532e-01
-1.822655349969863892e-01
1.764399111270904541e-01
1.344168633222579956e-01
7.743956148624420166e-02
6.665941327810287476e-02
1.674734354019165039e-01
5.748711526393890381e-02
-3.385164961218833923e-02
-1.629251241683959961e-02
-2.500284612178802490e-01
-1.512902788817882538e-02
1.116903424263000488e-01
-2.023470215499401093e-02
1.508663594722747803e-01
2.176751941442489624e-02
